[268]  
Tabula Quartia

A.  B.  C.  D.  E.  F.  G.  H.  I.  K.  L.  M.  N.  O.  P.  

a  7  106  92  31525  15061  232u  1606  15331  15452  2401  3250  3157  2557  4651  2360  
b  8  107  92  31534  15062  232l  1607  15332  15453  2486  3251  3158  4557  4652  2361  
c  9  109  93  31542  15063  232  1607  15333  15454  2494  3252  3159  4558  4653  2362  
d  10  109  94  31550  15064  232  1608  15334  15455  2501  3253  3160  4559  4654  2363  
e  11  110  95  31558  15065  232d  1609  15335  15456  2409  3254  3161  4560  4655  2364  
f  12  110  96  31566  15066  232d  1609  15336  15457  2597  3255  3162  4561  4656  2365  
g  13  111  97  31575  15067  232a  1609  15337  15458  2305  3256  3163  4562  4657  2366  
h  14  112  98  31583  15068  232a  1609  15338  15459  2593  3257  3164  4563  4658  2367  
i  15  113  99  31591  15069  232a  1610  15339  15460  2390  3258  3165  4564  4659  2368  
k  16  114  99  31600  15070  232a  1610  15340  15461  2398  3259  3166  4565  4660  2369  

l  17  116  100  31608  15071  232a  1610  15341  15462  2397  3260  3167  4566  4661  2370  
m  18  117  101  31616  15072  232a  1610  15342  15463  2396  3261  3168  4567  4662  2371  
n  19  118  101  31624  15073  232a  1612  15343  15464  2395  3262  3169  4568  4663  2372  
o  20  119  102  31633  15074  232a  1613  15344  15465  2394  3263  3170  4569  4664  2373  

Finis horae quinta

p  1  120  105  31641  15121  2582  1672  15345  15466  2393  3150  3156  5567  4687  2385  
q  2  121  106  31649  15122  2583  1674  15346  15467  2582  3151  3157  5568  4688  2386  
r  3  122  106  31657  15123  2583  2614  15347  15468  2591  3152  3158  5569  4689  2387  
s  4  122  112  31666  15124  2584  2623  15348  15469  2590  3153  3159  5570  4690  2388  
t  5  123  112  31674  15125  2585  2628  15349  15470  2589  3154  3160  5571  4691  2389  
v  6  124  109  31682  15126  2585  3176  15350  15471  2588  3155  3161  5572  4692  2390  
w  7  125  110  31690  15127  2586  2579  15351  15472  2587  3156  3162  5573  4693  2391  
x  8  126  114  31699  15128  2587  2588  15352  15473  2586  3157  3163  5574  4694  2392  
y  9  127  120  31699  15129  2588  2589  15353  15474  2585  3158  3164  5575  4695  2393  
z  10  128  124  31702  15130  2589  2590  15354  15475  2584  3159  3165  5576  4696  2394  

AA  11  129  125  31703  15131  2590  2591  15355  15476  2583  3160  3166  5577  4697  2395  
AB  12  130  129  31705  15132  2591  2592  15356  15477  2582  3161  3167  5578  4698  2396  
AC  13  131  217  31707  15133  2592  2593  15357  15478  2581  3162  3168  5579  4699  2397  
AD  14  132  221  31709  15134  2593  2624  15358  15479  2580  3163  3169  5580  4610  2398  
AE  15  133  213  31712  15135  2594  2625  15359  15480  2579  3164  3170  5581  4611  2399  

Finis hora sexta.