```
E. F.                                     
         7756     
       22662, 
  5                               1506         
          3074              
                                6024,   
                              
                              
                              
F.                                           
         277                           
       2292,                  
  5                               1521
          3084                
                                      
                              
                              
G. C.                                    
         795                          
       4340,                              
  5                               1545         
          3180                  
                                           
                              
P. P.                                         
         795                          
       4340,                    
  9                               1545         
          6180                  
                                           
                              
6                                          
         756                                    
       1506                      
         2286,                  
  21                          4577      2206   
        771                1521         
         45       795                 
         1545                      
         678                  
        828                            
          1578                  
         3150    1579             
         6150         3075      
         3075               
```