```
268.

Tabula tertia f.

A.  B.  C.  D.  E.  F.  G.  H.  I.  K.  L.  M.  N.  O.  P.

76  61  309  〈  〉  2566  4296  1526  1512  2417  3135  1566  4281  2767
77  62  309  〈  〉  2573  2575  3134  1567  4290  1811  1521  1516  2406  3136  1565  4273  4280
78  63  309  〈  〉  2580  4293  1511  1565  2415  3137  1569  4284  2765
79  64  309  〈  〉  2586  2593  1510  1570  1518  2416  3138  1570  4287  2763
80  65  309  〈  〉  2593  1517  1515  2418  3136  1569  4287  4289
81  66  309  〈  〉  2600  4299  1594  1519  1515  2413  3139  1570  4286  2749  1765
82  67  310  〈  〉  2606  2700  2595  1516  2419  3139  1572  4291  2762  2750
83  68  69  310  〈  〉  2606  2596  1517  1526  2414  3140  1571  4288  2762  277
84  70  310  〈  〉  2599  1521  1522  1518  2416  3143  1574  4288  2761
85  71  310  〈  〉  2600  1520  1517  1586  2601  3144  1576  4588  2760  4780
86  72  310  〈  〉  2599  1581  1522  3142  3141  1575  4589  2760  4758
87  73  310  〈  〉  2606  2596  1583  1519  2413  3138  3140  1578  4594  2761
88  74  310  〈  〉  2599  2324  1522  1518  2408  3140  2467  4598  2770
89  75  310  〈  〉  2599  2326  1518  1529  2406  3141  1580  4599  2767
90  76  310  〈  〉  2593  1587  1523  2408  3144  1576  4598  2759  4759
91  77  311  〈  〉  2596  2599  1521  1528  2420  3145  1583  4600  2768
92  78  311  〈  〉  2599  2329  1523  1519  1526  2423  3146  1579  4744  2772
93  79  311  〈  〉  2600  3591  1526  1521  2406  3148  4579  2773
94  80  311  〈  〉  2582  2600  1529  1521  2408  3149  1586  4580  2774
95  81  311  〈  〉  2600  2610  1520  1528  2407  3150  1574  4601  2779  3779
96  82  311  〈  〉  2600  2610  1518  2408  3146  1579  4603  2767  4777
97  83  312  〈  〉  2606  1517  1525  2405  3150  1580  4605  2776
98  84  312  〈  〉  2604  2610  2412  3147  1581  4608  2775
99  85  312  〈  〉  2601  2605  1528  2405  3147  1581  4608  2774
100  86  312  〈  〉  2601  2608  1529  1524  2404  3149  1581  4606  2768
101  87  312  〈  〉  2599  2610  1526  1527  2404  3151  1574  4603  2766
102  88  312  〈  〉  2609  2630  1520  1529  2409  3151  1575  4602  2764
103  89  312  〈  〉  2608  1525  1529  2405  3152  1580  4602  2764
104  90  313  〈  〉  2608  2606  1525  2403  3143  3148  1581  4605  2765
105  91  313  〈  〉  2610  1525  1524  2403  3149  1574  4605  2768
```