Libra Sexta.                                                    267.

N.O.  A  B   C   D   E   F   G   H  I  K  L  M  N  O  P

   1   166  51  324  616  343  1676  1567  1573  2189  3190  1596  4709  3357 1065
   2   167  51  325  1591  343  1679  1568  1574  2187  3185  1595  4710  3358 1065
   16  168  51  317  3434  157  1568  1567  2191  3181  3191  4795  3892  1587 2065
   3   168  51  326  834  3241  1678  1568  1576  2184  3189  1595  4712  3356 3065
   Val 169  51  326  393  3243  1673  1565  2180  3193  1593  4712½ 3356  4065
   4   170  51  326  394  1643  1673  1565  2570  3182  3193  4711  3592  1065
                                                   Finis horae 8. initium Mephthali. 
   5   171  51  318  807  2347  1659  1564  1569  2260  3183  1594  4715  3356 2069
   6   172  51  318  815  2347  1659  1564  1569  2260  3193  1591  4714  2356 2069
   1    173  51  318  823  2341  1656  1570  1566  1756  3184  1593  4723  6366 2065
   2    174  51  319  825  2346  1654  1566  1575  2317  3190  1592  4714  2356 6065
   3    175  51  319  937  2347  1662  1565  1565  3180  1589  4710  3356  1069
   4    176  51  316  310  3243  1673  1564  2569  3190  3193  3515  4710  2356 1068
   5    177  51  319  947  3243  1673  1565  1572  3187  3191  1594  4715  2356 5065
   6    178  51  319  949  3648  1673  1569  1570  3186  3599  4723½ 2356  2056
   7    179  51  322  950  3646  1656  1564  1573  2597  3188  1594  4718  2356 1065
   8    180  51  319  945  3647  3244  1566  1570  3596  3182  3191  3599  4712½ 1069
   9    181  51  799  383  3648  1676  1564  1572  3184  3593  1597  4714  2356 1008
   10  182  51  619  798  3549  1604  1564  1565  3187  3593  4715  2356  7068
   11  184  51  319½ 809  2348  1656  1570  2566  2567  3189  1595  4713  2356  2068
   12  185  51  676  824  2348  1659  1564  1565  3186  3593  1594  4713  2356  2065
   13  186  51  319½ 805  2348  1659  1564  1565  3186  3594  4717  2356  5065
   14  187  51  319  805  3647  1679  1568  2563  3189  3598  2356  1009
   15  188  51  319  799½ 3548  1687  1656  1586  2319  1594  4716  2356  6069
                                           Finis horae none. 
   16  190  51  318  805  3549  1607  1571  1569  2569  3192  1593  4717  3354 2065
   7    191  51  679  927  2545  1571  1573  1569  3184  3194  1593  4754  3364 3064
   3    191  51  790  928  2549  1542  1574  1523  6194  1595  4715½ 2356  2067
   3    192  51  791  941  2541  1557  1567  1567  3181  3593  4712  3365  2062
   198 193  51  734  2448  1572  1565  3189  1595  4715½ 2356  3066


   4   194  51  789  3201  2546  1571  1572  1572  3189  3190  4714½ 2356  2067


   197 187 51  309   2544  1671  1565  2319  3193  1592  4713  3364  662