```
264

Tüba Seccinda,  
A. B. C. D. E. F. G. H. I. K. L. M. N. O.  

  1  46  31  306  931  272  681  57  501  1497  430  4529  2934  
  2  47  34  306  937  72  750  1499  312  2960  1156  
  3  48  36  364  938  19  503  1499  312  1450  1960  
  4  49  37  306  942  1  298  1970  1502  1490  3112  
  5  50  38  307  948  325  293  395  
  6  51  39  308  953  1600  1501  
  7  52  41  308  954  8120  1499  312  
  8  53  42  311  959  1717  1507  4230  
  9  54  43  301  961  68  1508  1499  
 10  55  44  307  964  46  1507  2494  
 11  56  45  309  968  5  1510  1383  
 12  57  46  310  972  16  1507  2960  
 13  58  47  307  999  21  1499  4310  
 14  59  48  308  1000  42  1307  1499  
 15  60  49  310  1006  783  1502  4746  
 16  61  50  307  1008  4730  1509  4570  
 17  62  51  307  1015  1  3325  1692  
 18  63  52  310  1012  51  2503  1211  
 19  64  53  307  1004  6  2482  1485  
 20  65  54  307  1001  16  2491  463  
 21  66  55  314  1003  1  5056  
 22  67  56  310  1010  102  5052  
 23  68  57  303  1005  4  4074  
 24  69  58  309  1002  4  2165  
 25  70  59  306  1007  10  1469  
 26  71  60  301  1006  55  2421  
 27  72  61  300  1008  129  2974  
 28  73  62  300  1005  1456  1319  
 29  74  63  302  1007  232  4600  
 30  75  64  301  1005  511  1003  
```