```
262.
Preparatio Tribarien.

A.  B.  C.  D.  E.  F.  G.  H.  I.  K.  L.  M.  N.  O.  P.
a  16
  1   211   1500    3017   1509    
a  17
  2   212   3017    1509    2259   1559   1479   2450   309   1549
a  18
  3   213   3018    1509    2259   1559   1479   2450   309   1549
a  19
  4   214   3019    1509    2259   1559   1479   2450   309   1549
a  20
  5   215   3020    1509    2259   1559   1479   2450   309   1549
a  21
  6   216   3021    1509    2259   1559   1479   2450   309   1549
a  22
  7   217   3022    1509    2259   1559   1479   2450   309   1549
a  23
  8   218   3023    1509    2259   1559   1479   2450   309   1549
a  24
  9   219   3024    1509    2259   1559   1479   2450   309   1549
a  25
 10   220   3025    1509    2259   1559   1479   2450   309   1549
a  26
 11   221   3026    1509    2259   1559   1479   2450   309   1549
a  27
 12   222   3027    1509    2259   1559   1479   2450   309   1549
a  28
 13   223   3028    1509    2259   1559   1479   2450   309   1549
a  29
 14   224   3029    1509    2259   1559   1479   2450   309   1549
a  30
 15   225   3030    1509    2259   1559   1479   2450   309   1549
- Finis hoc indicium.
```