```
Tība. Prīmā.
A. B. C. D. E. F. G. H. I. K. L. M. N. O. P.
  7 16  2  3052  1956  1561  1486  1487  3105  1552  149    
  8 17  2  2957  1967  1568  1482  148  3106  1553  149    
  9 18  3  2967  1971  1567  1487  1473  3107  1554  149    
 10 19  3  3052  1975  1561  1485  3490  3108  1555  149    
 11 20  4  3052  1978  1566  1486  1487  3109  1556  149    
 12 21  5  3052  1978  1568  1489  1479  3110  1557  149    
 13 22  6  3052  1978  1570  1489  1479  3111  1558  149    
 14 23  7  3052  1978  1572  1491  1479  3112  1559  149    
 15 24  8  3052  1978  1575  1492  1470  3113  1560  149    
 16 25  8  3053  1980  1575  1492  1470  3114  1561  149    
 17 26  9  3053  1981  1577  1492  1470  3115  1562  150    
 18 27  9  3054  1982  1579  1492  1470  3116  1563  150    
 19 28 10  3055  1983  1580  1492  1470  3117  1564  150    
 20 29 11  3055  1984  1581  1493  1470  3118  1565  150    
 21 30 12  3056  1985  1580  1494  1470  3119  1566  150    
 22 31 12  3057  1986  1582  1494  1470  3120  1567  150    
 23 32 13  3057  1987  1584  1494  1470  3121  1568  150    
 24 33 14  3058  1988  1585  1495  1470  3122  1569  150    
 25 34 15  3058  1989  1587  1495  1470  3123  1570  150    
 26 35 16  3059  1990  1588  1495  1470  3124  1571  150    
 27 36 16  3060  1991  1589  1496  1470  3125  1572  150    
 28 37 17  3060  1992  1590  1496  1471  3126  1573  150    
 29 38 18  3061  1993  1591  1497  1471  3127  1574  150    
 30 39 19  3061  1994  1592  1497  1472  3128  1575  150    
 31 40 20  3062  1995  1593  1498  1472  3129  1576  150    
 32 41 21  3062  1996  1594  1498  1472  3130  1577  150    
 33 42 22  3063  1997  1595  1499  1472  3131  1578  150    
 34 43 23  3063  1998  1596  1499  1473  3132  1579  150    
 35 44 24  3064  1999  1597  1500  1473  3133  1580  150    
 36 45 25  3064  2000  1598  1500  1474  3134  1581  151    
 37 46 26  3065  2001  1599  1501  1475  3135  1582  151    
 38 47 27  3065  2002  1600  1501  1475  3136  1583  151    
 39 48 28  3066  2003  1601  1502  1476  3137  1584  151    
 40 49 29  3066  2004  1602  1502  1476  3138  1585  151    
 41 50 30  3067  2005  1603  1503  1477  3139  1586  151    
 42 51 31  3067  2006  1604  1503  1477  3140  1587  151    
 43 52 32  3068  2007  1605  1504  1478  3141  1588  151    
 44 53 33  3068  2008  1606  1504  1478  3142  1589  151    
 45 54 34  3069  2009  1607  1505  1479  3143  1590  151    
 46 55 35  3069  2010  1608  1505  1479  3144  1591  151    
 47 56 36  3070  2011  1609  1506  1480  3145  1592  151    
 48 57 37  3070  2012  1610  1506  1480  3146  1593  151    
 49 58 38  3071  2013  1611  1507  1481  3147  1594  151    
 50 59 39  3071  2014  1612  1507  1481  3148  1595  151    
 51 60 40  3072  2015  1613  1508  1482  3149  1596  151    
 52 61 41  3073  2016  1614  1508  1482  3150  1597  151    
 53 62 42  3073  2017  1615  1509  1483  3151  1598  151    
 54 63 43  3074  2018  1616  1509  1483  3152  1599  151    
 55 64 44  3074  2019  1617  1510  1484  3153  1600  151    
 56 65 45  3075  2020  1618  1510  1484  3154  1601  151    
 57 66 46  3075  2021  1619  1511  1485  3155  1602  151    
 58 67 47  3076  2022  1620  1511  1485  3156  1603  151    
 59 68 48  3076  2023  1621  1512  1486  3157  1604  151    
 60 69 49  3077  2024  1621  1512  1486  3158  1605  151    
 61 70 50  3077  2025  1622  1513  1487  3159  1606  151    
 62 71 51  3078  2026  1623  1513  1487  3160  1607  151    
 63 72 52  3078  2027  1624  1514  1488  3161  1608  151    
 64 73 53  3079  2028  1625  1514  1488  3162  1609  151    
 65 74 54  3079  2029  1626  1515  1489  3163  1610  151    
 66 75 55  2080  2030  1627  1515  1489  3164  1611  151    
 67 76 56  3080  2031  1628  1516  1490  3165  1612  151    
 68 77 57  3081  2032  1629  1516  1490  3166  1613  151    
 69 78 58  3081  2033  1630  1517  1491  3167  1614  151    
 70 79 59  3082  2034  1630  1517  1491  3168  1615  151    
       80
        
Finis horæ duodecimæ.
Medius verus Josephat.
```