```
Destruc̃o.           Homo.            Anni          Christi.       Roman.     Almen.  
10    Invenŭra  2170    1420           3032         1612       2362      200
11                2171    1421            3032          1611       2361      200
12                2172    1422           3032         1360       2350      199
13   12  2173    1422          3032          1563       2359      198
14                2174    1423           3032          1608       2538      16
15                2175    1423           3032          1257       2357      197
16                2176    1424           3032          1454       2356      196
17                2177    1424           3032          1538       2355      197
18                2178    1425           3032          1837       2354      196
19                2179    1429           3032          1891       2353      192
20   20  Invenŭra  2180    1430           3032          1869       2352      190
21                2181    1431           3032          1253       2531      191
22                2182    1432           3032          1765       2349      188
23                2183    1433           3032          1539       2348      187
24                2184    1433           3032          1968       2347      186
25                2185    1434           3032          1354       2346      185
26   24  2186    1436           3032          1140       2345      184
27                2187    1436           3032          1656       2344      183
28                2188    1436           3032          1616       2343      182
29                2189    1437           3032          1200       2342      181
30                2190    1438           3032          1889       2341      180
31                2191    1439           3032          1576       2340      179
32                2192    1440           3032          1912       2339      178
33                2193    1440           3032          1480       2338      177
34                2194    1441           3032          1436       2337      176
35                2195    1442           3032          1750       2336      175
36                2196    1443           3032          1500       2335      174
37                2197    1444           3032          1652       2334      173
38                2198    1445           3032          1401       2333      172
39                2199    1446           3032          1251       2332      171

Plaga meridionalis vara niue, tombinos excedernis levibus. Rachel prae te Alexandria et Roma.  
Eius muestra a noura (an. 1440) perturberet observatores mei preteruenientis memento.  
Per dare bona vi para ad otit. Bethlehem, ut huic natis principal. 294.
```