```
1604

                                                  96
95   1505 3032  ➔  4537  69  132  6  2672
     1527 2279  ➔
       
96   1506 3032  ➔  4538  69  132  6  2672
     1526 2279  ➔
       
97   1507 3032  ➔  4539  69  132  7  2672
     1525 2279  ➔
       
98   1508 3032  ➔  4540  70  132  6  2672
     1524 2279  ➔
       
99   1509 3032  ➔  4541  70  132  9  2672
     1523 2279  ➔
       
100  1510 3032  ➔  4542  80  133  0  2672
     1522 2279  ➔
       
101  1511 3032  ➔  4543  89  133  2  2672
     1521 2279  ➔
```