```
1346.
Départures.          Reine.    Jumi.     Christi.     Christi.    Jumi.     Reine.     Alterita.    
91                   2251     1501     3032       1531      4281     89. 120
92                   2252     1502     3032       1530      2270     119
93                   2253     1503     3032       1530      2279     118
                     Finis limitis 4.
94                   2254     1504     3032       1582      2278     117
95                   2255     1505     3032       1527      2276     114
96                   2256     1506     3032       1526      2277     115
97                   2257     1507     3032       1524      2274     113
                     Finis limitis 8.
98                   2258     1508     3032       1523      2272     112
99                   2259     1509     3032       1522      2273     111
                     [illegible]
100                  2260     1510                       [illegible]   
101                  2261     1511     3032       1543      2271     109
102                  2262     1512     3032       1559      2270     108
103 12               2263     1513     3032       1589      2269     106
104                  2264     1514                       16      107
                     Finis Magæ Orientalis, 
                     et initium Magæ Aquilæ,
                     narcis c.
                    1516
                     Ininitium Magæ Aquilæ
                     [illegible]
```