```
Rück  |  Jahr  | Ab.  | Am.  |   Km.  |   Wie.    |  
-------------------------------------------------  
74     |  1484  |  303 |  2258 |  960  |  304  |   
        |  1949 |   480 |   290  |  609 |  368  |   
-------------------------------------------------  
75     |  1485  |  303 |  2259 |  962  |  305  |  
        |  1949 |   579 |   617  |  367 |   261 |   
-------------------------------------------------  
76     |  1486  |  303 |  2258 |  586  |  306  |    
        |  1948  |  479 |   614  |  367  |  267  |  
-------------------------------------------------  
77     |  1487  |  303 |  2258 |  669  |  308  |  
        |  1948 |   579 |   617  |  367  |  267  |  
-------------------------------------------------  
78     |  1488  |  303 |  2260 |  668  |  309  |   
        |  1948 |   576 |   614  |  367  |  267  |  
-------------------------------------------------  
79     |  1489  |  303 |  2258 |  689  |  309  |  
        |  1948 |   579 |   368  |  368  |  267  |  
-------------------------------------------------  
72     |  1490  |  302 |  2260 |  960  |  330  |  
        |  1949 |   574 |   287  |  363  |  267  |  
-------------------------------------------------  
80     |  1491  |  303 |  2260 |  960  |  330  |  
        |  1947 |   572 |   287  |  363  |  267  |  
```