```
1392
Chief  14  21   Medid  4453    222  7    Amin  196    1241  696  N  1241   1962   1712
      11  3032   4611   332  1    Chifu  693   660     N     1241  1941
      12  3032   4622                       680
Rame  14  22   Medid  4454    222  7    492  N  1243   1962   1712
      12  3032   4624   332  1    Chifu  696     
Rame  14  23   Medid  4455    222  7    493  N  1243   1962   1712
      13  3032   4641   332  1    Chifu  699     
Chief  14  24   Medid  4456    222  7    492  N  1244   1962   1712
      14  3032   4640   332  1    Chifu  680    
Rame  14  25   Medid  4457    222  7    492  N  1247   1962   1712
      15  3032   4639   332  1    Chifu  679    
Rame  14  26   Medid  4458    222  7    486  N  1246   1962   1712
      16  3032   4638   
Rame  14  27   Medid  4459    222  7    497  N  1247   1962   1712
      17  3032   4637    
```