```
1402
         
         Anno  [     ]     Anni
        [illegible]
816   1491  45  3  226  61  
      1581  45 73  287  360 
      962
       
         {                  }
82   1492  45  4  226  62  
      1540  45  72  466  606
      962
       
         [illegible] 
83   1493  45  5  226  63  
      1539  45 71  288  359 
      962
         
        {                  }
84   1494  45  2  226  64  
      1538  45 70  288  668 
      962
       
         {                  }
85   1495  45  7  226  65  
      1537  45 69  228  667 
      962
       
         {                  }
86   1496  45  8  226  64  
      1536  45 68  228  684 
      962
       
        {                  }
87   1497  45  9  226  66  
      1535  45 67  228  605 
      962
       
         {                  }
```