```
18 3032  ➔  4636   677   1  1249  6  2672
19 3032  ➔  4633   676   1  1423  7  2672
20 3032  ➔  4634   675   1  1250  6  2672
21 3032  ➔  4632   674   1  1251  2  2672
22 3032  ➔  4630   673   1  1252  0  2672
23 3032  ➔  4638   672   1  1253  4  2672
24 3032  ➔  4637   671   1  1254  8  2672 
25 3032  ➔  4631   670   1  1255  3  2672
26 3032  ➔  4635   669   1  1256  5  2672
27 3032  ➔  4639   668   1  1257  9  2672
28 3032  ➔  4640   667   1  1258  1  2672
29 3032  ➔  4641   666   1  1259  7  2672
```