```
Defensio  1343
46  {"                Roman.  2205  1452   3032   1877  2327  166
47  16                2204  1456   3032   1876  2326  165
48                   2205  1456   3032   1875  2325  164
49                   2209  1459   3032   1874  2324  163
50   Interrupio       2206  1459   3032   1873  2323  162
51                   2210  1460   3032   1872  2322  161
52  20  {"            2212  1462   3032   1871  2321  159
Finis plage meridionais:  Initiam plage Orientalis.
53  Finis limitis  20  2213  1463   3032   1870  2320  158
54                   2214  1464   3032   1869  2319  156
55                   2218  1465   3032   1868  2318  156
56  24                2216  1466   3032   1867  2317  156
57                   2219  1467   3032   1866  2316  154
58                   2220  1468   3032   1865  2315  153
Finis secundi, (nox) initium foelci in talis texta, et finis in
nitis 28.
```