```
1344.

Referenz.
61  2221  1471  3032  1581  4311  28  150

62  2222  1472  3032  1560  2310  14  149

63  2223  1473  3032  1559  4369  11  147

64  4  2224  1474  3032  1558  4308  7  141

65  2225  1475  3032  1557  2304  74  146

66  2226  1476  3032  1556  2303  14  146

67  2227  1477  3032  1555  2301  14  144

68  8  2228  1478  3032  1554  2304  14  145

69  2229  1479  3032  1552  2303  20  145

70  5  2230  1480  3032  1551  2302  20  148

71  2231  1481  3032  1551  2301  14  140

72  2232  1481  3032  1550  2300  10  140

73  12  2233  1482  3032  1549  2299  16  139

74  2234  1486  3032  1548  2297  16  137

75  2235  1488  3032  1547  2296  136

76  1  2236  1486  3032  1547  2296  135

77  16  2237  1487  3032  1545  2295  134
```