```
299

470 60 3032 1762 4594 4593
                     { 2251  640  199 }
                   {  1219 2672 }
                   
471 61 3032 1766 4593 4593
                     { 2251  640  199 }
                   {  1219 2672 }

472 62 3032 1766 4594 4593
                     { 2251  640  199 }
                   {  1219 2672 }

473 63 3032 1766 4593 4593
                     { 2251  640  199 }
                   {  1219 2672 }

474 64 3032 1766 4594 4593
                     { 2251  640  199 }
                   {  1219 2672 }

475 65 3032 1766 4593 4593
                     { 2251  640  199 }
                   {  1219 2672 }
```