```
                       *397*

        4  6 303  2    24  7     8   3  6  0  7   2  3  7   6  5  1
        Rom.  1  9  7   4  0  8   2  3  0  7   6  4  6  6

        4  7 303  2    44  8  9  2  9  0  5  4  6  0  7   2  3
        Rom.  1  9  7   5  4  0  6   3   2  0  0

        4  8 303  2    24  8  5  0  9  8  5  4  6  0  7   2  6  0
        Rom.  1  9  7   4  0  6   1  3  4

        4  9 303  2    52  6  0  2  9   6  4  3  9  3  6  0  4
        Rom.  1  9  7   3  9  0  6  3  3  2

        5  0 303  2    49  2  9  3  0  6  0  4
        Rom.  1  9  7   3  9  0  4  6

        1  4  6  1      4  9  3  2  0  0
        Rom.  1  9  7   5  4  6  6

        1  4  6  2      4  9  4  7  3  0
        Rom.  1  9  7   7  4  0  1
```